
    STEP   DAMPING               NORMS              COMPUTATION TIMES
  IT SIT     GAMMA     ||d||     ||f||     ||U||   F(x)  DF(x)  SOLVE
   0                          2.55e-05  1.17e+01    0.0    0.0    0.0
   1   1  1.00e+00  2.80e-06  1.54e-14  1.17e+01    0.0    0.0    0.0
   2   1  1.00e+00  1.75e-15  4.44e-16  1.17e+01    0.0    0.0    0.0

 STEP      TIME        ||U||  LABEL  TYPE           Om1           mu          Om0          alp         eps1
    0  00:00:00   1.1677e+01      1  EP      8.0000e+00   2.0000e-01   2.0000e+00   5.0000e-01   2.0000e+00
   10  00:00:00   7.7399e+00      2          5.0690e+00   2.0000e-01   2.0000e+00   5.0000e-01   2.0000e+00
   20  00:00:01   5.1616e+00      3          2.8339e+00   2.0000e-01   2.0000e+00   5.0000e-01   2.0000e+00
   30  00:00:01   5.7792e+00      4          2.4786e+00   2.0000e-01   2.0000e+00   5.0000e-01   2.0000e+00
   31  00:00:01   5.8194e+00      5  FP      2.4785e+00   2.0000e-01   2.0000e+00   5.0000e-01   2.0000e+00
   40  00:00:02   7.1337e+00      6          2.5486e+00   2.0000e-01   2.0000e+00   5.0000e-01   2.0000e+00
   50  00:00:03   8.3624e+00      7          2.6470e+00   2.0000e-01   2.0000e+00   5.0000e-01   2.0000e+00
   60  00:00:03   9.3019e+00      8          2.7086e+00   2.0000e-01   2.0000e+00   5.0000e-01   2.0000e+00
   64  00:00:04   9.4958e+00      9  FP      2.7134e+00   2.0000e-01   2.0000e+00   5.0000e-01   2.0000e+00
   70  00:00:04   9.6316e+00     10          2.6973e+00   2.0000e-01   2.0000e+00   5.0000e-01   2.0000e+00
   80  00:00:05   9.2832e+00     11          2.6093e+00   2.0000e-01   2.0000e+00   5.0000e-01   2.0000e+00
   90  00:00:05   8.2921e+00     12          2.4469e+00   2.0000e-01   2.0000e+00   5.0000e-01   2.0000e+00
  100  00:00:06   6.8647e+00     13          2.2234e+00   2.0000e-01   2.0000e+00   5.0000e-01   2.0000e+00
  110  00:00:06   5.3827e+00     14          1.9531e+00   2.0000e-01   2.0000e+00   5.0000e-01   2.0000e+00
  120  00:00:07   3.4088e+00     15          1.0859e+00   2.0000e-01   2.0000e+00   5.0000e-01   2.0000e+00
  130  00:00:08   3.1332e+00     16          7.2422e-01   2.0000e-01   2.0000e+00   5.0000e-01   2.0000e+00
  140  00:00:08   3.1176e+00     17          6.9442e-01   2.0000e-01   2.0000e+00   5.0000e-01   2.0000e+00
  150  00:00:09   3.1066e+00     18          6.7451e-01   2.0000e-01   2.0000e+00   5.0000e-01   2.0000e+00
  160  00:00:09   3.0887e+00     19          6.4410e-01   2.0000e-01   2.0000e+00   5.0000e-01   2.0000e+00
  170  00:00:10   3.0472e+00     20          5.6067e-01   2.0000e-01   2.0000e+00   5.0000e-01   2.0000e+00
  178  00:00:10   2.9366e+00     21  EP      2.0000e-01   2.0000e-01   2.0000e+00   5.0000e-01   2.0000e+00
