
    STEP   DAMPING               NORMS              COMPUTATION TIMES
  IT SIT     GAMMA     ||d||     ||f||     ||U||   F(x)  DF(x)  SOLVE
   0                          1.24e-03  1.51e+01    0.0    0.0    0.0
   1   1  1.00e+00  5.39e-04  5.16e-09  1.51e+01    0.0    0.3    0.0
   2   1  1.00e+00  3.36e-09  7.02e-16  1.51e+01    0.0    0.7    0.0

 STEP      TIME        ||U||  LABEL  TYPE           Om1           mu
    0  00:00:01   1.5144e+01      1  EP      1.0000e+01   2.0000e-01
   10  00:00:13   1.1614e+01      2          7.6372e+00   2.0000e-01
   20  00:00:26   1.1151e+01      3          7.2611e+00   2.0000e-01
   23  00:00:30   1.1179e+01      4  FP      7.2393e+00   2.0000e-01
   30  00:00:39   1.1590e+01      5          7.3635e+00   2.0000e-01
   40  00:00:52   1.2161e+01      6          7.5854e+00   2.0000e-01
   50  00:01:06   1.2966e+01      7          7.8977e+00   2.0000e-01
   60  00:01:21   1.3671e+01      8          8.1509e+00   2.0000e-01
   70  00:01:36   1.3995e+01      9          8.2418e+00   2.0000e-01
   71  00:01:38   1.3996e+01     10  FP      8.2418e+00   2.0000e-01
   80  00:01:51   1.3858e+01     11          8.1528e+00   2.0000e-01
   90  00:02:06   1.3274e+01     12          7.8981e+00   2.0000e-01
  100  00:02:21   1.2349e+01     13          7.5180e+00   2.0000e-01
  110  00:02:35   1.1388e+01     14          7.1220e+00   2.0000e-01
  120  00:02:49   1.0648e+01     15          6.7942e+00   2.0000e-01
  130  00:03:02   8.8347e+00     16          5.7569e+00   2.0000e-01
  140  00:03:17   8.2106e+00     17          5.2337e+00   2.0000e-01
  145  00:03:25   8.3261e+00     18  FP      5.1692e+00   2.0000e-01
  150  00:03:32   8.7911e+00     19          5.2373e+00   2.0000e-01
  160  00:03:46   9.6421e+00     20          5.4320e+00   2.0000e-01
  170  00:04:00   1.0594e+01     21          5.6507e+00   2.0000e-01
  180  00:04:14   1.1249e+01     22          5.7734e+00   2.0000e-01
  183  00:04:19   1.1332e+01     23  FP      5.7797e+00   2.0000e-01
  190  00:04:29   1.1320e+01     24          5.7348e+00   2.0000e-01
  200  00:04:44   1.0745e+01     25          5.5301e+00   2.0000e-01
  210  00:04:58   9.6319e+00     26          5.1865e+00   2.0000e-01
  220  00:05:12   8.3684e+00     27          4.7927e+00   2.0000e-01
  230  00:05:27   7.0081e+00     28          4.2999e+00   2.0000e-01
  240  00:05:42   4.9238e+00     29          3.1111e+00   2.0000e-01
  250  00:05:57   4.5595e+00     30          2.6228e+00   2.0000e-01
  260  00:06:11   4.6414e+00     31          2.5727e+00   2.0000e-01
  270  00:06:24   4.6977e+00     32          2.5565e+00   2.0000e-01
  280  00:06:35   4.7351e+00     33          2.5453e+00   2.0000e-01
  290  00:06:47   4.7681e+00     34          2.5328e+00   2.0000e-01
  300  00:07:01   4.8452e+00     35          2.5147e+00   2.0000e-01
  310  00:07:16   5.3192e+00     36  FP      2.4886e+00   2.0000e-01
  310  00:07:16   5.3208e+00     37          2.4886e+00   2.0000e-01
  320  00:07:30   6.8045e+00     38          2.5608e+00   2.0000e-01
  330  00:07:45   8.2109e+00     39          2.6665e+00   2.0000e-01
  340  00:08:00   9.2816e+00     40          2.7335e+00   2.0000e-01
  343  00:08:06   9.4489e+00     41  FP      2.7372e+00   2.0000e-01
  350  00:08:17   9.5676e+00     42          2.7156e+00   2.0000e-01
  360  00:08:32   9.0482e+00     43          2.6121e+00   2.0000e-01
  370  00:08:53   7.6949e+00     44          2.4145e+00   2.0000e-01
  380  00:09:23   5.9713e+00     45          2.1672e+00   2.0000e-01
  390  00:09:54   3.9888e+00     46          1.8200e+00   2.0000e-01
  400  00:10:27   2.2902e+00     47          1.2617e+00   2.0000e-01
  410  00:10:52   2.2195e+00     48          1.2249e+00   2.0000e-01
  420  00:11:15   2.1785e+00     49          1.2034e+00   2.0000e-01
  430  00:11:37   2.1353e+00     50          1.1826e+00   2.0000e-01
  440  00:12:00   2.0685e+00     51          1.1506e+00   2.0000e-01
  450  00:12:27   1.9000e+00     52          1.0624e+00   2.0000e-01
  459  00:12:57   6.7098e-01     53  EP      2.0000e-01   2.0000e-01
